<?xml version="1.0" encoding="UTF-8" standalone="no"?>
<!DOCTYPE svg PUBLIC "-//W3C//DTD SVG 20010904//EN"
              "http://www.w3.org/TR/2001/REC-SVG-20010904/DTD/svg10.dtd">

<svg xmlns="http://www.w3.org/2000/svg"
     width="176.367mm" height="209.524mm"
     viewBox="0 0 500 594">
  <path id="Selection"
        fill="none" stroke="black" stroke-width="1"
        d="M 0.00,0.00
           C 0.00,0.00 0.00,594.00 0.00,594.00
             0.00,594.00 500.00,594.00 500.00,594.00
             500.00,594.00 500.00,0.00 500.00,0.00
             500.00,0.00 0.00,0.00 0.00,0.00 Z
           M 328.00,28.00
           C 328.00,28.00 323.85,55.00 323.85,55.00
             323.85,55.00 320.34,78.17 320.34,78.17
             320.34,78.17 317.57,100.00 317.57,100.00
             317.57,100.00 302.72,204.00 302.72,204.00
             302.72,204.00 298.28,233.00 298.28,233.00
             298.28,233.00 292.64,273.00 292.64,273.00
             292.64,273.00 290.19,293.00 290.19,293.00
             290.19,293.00 285.72,323.00 285.72,323.00
             285.72,323.00 280.42,359.00 280.42,359.00
             280.42,359.00 278.43,373.00 278.43,373.00
             278.43,373.00 276.40,378.98 276.40,378.98
             276.40,378.98 269.00,379.96 269.00,379.96
             269.00,379.96 256.00,379.96 256.00,379.96
             256.00,379.96 244.00,379.00 244.00,379.00
             244.00,379.00 224.00,379.00 224.00,379.00
             224.00,379.00 209.00,380.00 209.00,380.00
             209.00,380.00 112.00,380.00 112.00,380.00
             112.00,380.00 97.00,381.00 97.00,381.00
             97.00,381.00 24.00,381.00 24.00,381.00
             24.00,381.00 48.73,351.00 48.73,351.00
             48.73,351.00 97.72,294.00 97.72,294.00
             97.72,294.00 141.28,243.00 141.28,243.00
             141.28,243.00 168.85,211.58 168.85,211.58
             168.85,211.58 244.26,123.42 244.26,123.42
             244.26,123.42 277.13,85.00 277.13,85.00
             277.13,85.00 298.15,60.83 298.15,60.83
             298.15,60.83 316.73,39.00 316.73,39.00
             316.73,39.00 328.00,28.00 328.00,28.00 Z" />
</svg>
