<?xml version="1.0" encoding="UTF-8" standalone="no"?>
<!DOCTYPE svg PUBLIC "-//W3C//DTD SVG 20010904//EN"
              "http://www.w3.org/TR/2001/REC-SVG-20010904/DTD/svg10.dtd">

<svg xmlns="http://www.w3.org/2000/svg"
     width="7.30556in" height="8.04167in"
     viewBox="0 0 526 579">
  <path id="main-clew"
        fill="none" stroke="black" stroke-width="1"
        d="M 0.00,0.00
           C 0.00,0.00 0.00,579.00 0.00,579.00
             0.00,579.00 526.00,579.00 526.00,579.00
             526.00,579.00 526.00,0.00 526.00,0.00
             526.00,0.00 0.00,0.00 0.00,0.00 Z
           M 67.00,420.00
           C 62.28,420.00 46.72,420.88 43.60,418.07
             39.51,414.39 43.44,403.15 45.20,399.00
             45.98,397.17 47.00,394.34 49.18,393.82
             52.35,393.07 55.68,397.88 57.35,400.00
             67.76,413.24 69.70,410.94 67.00,420.00 Z
           M 49.00,398.00
           C 49.00,398.00 45.00,416.00 45.00,416.00
             51.68,416.88 58.39,417.88 65.00,416.00
             62.72,412.13 52.67,399.91 49.00,398.00 Z
           M 49.07,405.87
           C 50.19,405.86 51.70,405.54 52.89,405.87
             62.48,407.24 50.80,419.84 49.07,409.89
             49.07,409.89 49.07,405.87 49.07,405.87 Z
           M 52.00,407.00
           C 51.21,410.55 51.07,410.77 54.00,413.00
             54.00,413.00 54.00,407.00 54.00,407.00
             54.00,407.00 52.00,407.00 52.00,407.00 Z" />
</svg>
