<?xml version="1.0" encoding="UTF-8" standalone="no"?>
<!DOCTYPE svg PUBLIC "-//W3C//DTD SVG 20010904//EN"
              "http://www.w3.org/TR/2001/REC-SVG-20010904/DTD/svg10.dtd">

<svg xmlns="http://www.w3.org/2000/svg"
     width="7.30556in" height="8.04167in"
     viewBox="0 0 526 579">
  <path id="main-head"
        fill="none" stroke="black" stroke-width="1"
        d="M 0.00,0.00
           C 0.00,0.00 0.00,579.00 0.00,579.00
             0.00,579.00 526.00,579.00 526.00,579.00
             526.00,579.00 526.00,0.00 526.00,0.00
             526.00,0.00 0.00,0.00 0.00,0.00 Z
           M 305.00,65.00
           C 295.46,65.74 283.38,65.01 279.00,55.00
             279.00,55.00 289.00,45.94 289.00,45.94
             290.27,45.05 291.53,44.24 293.00,43.72
             306.72,38.85 305.00,57.02 305.00,65.00 Z
           M 284.00,58.00
           C 284.00,58.00 302.00,63.00 302.00,63.00
             301.99,59.21 302.26,48.35 297.85,47.08
             292.11,45.42 285.79,53.47 284.00,58.00 Z
           M 294.13,50.74
           C 300.10,51.00 299.03,56.20 295.90,57.35
             292.40,58.64 288.93,54.03 294.13,50.74 Z
           M 294.00,51.00
           C 294.00,51.00 293.00,56.00 293.00,56.00
             293.00,56.00 298.00,55.00 298.00,55.00
             298.00,55.00 294.00,51.00 294.00,51.00 Z
           M 185.75,211.25
           C 185.88,211.25 191.00,212.62 191.00,212.62" />
</svg>
