<?xml version="1.0" encoding="UTF-8" standalone="no"?>
<!DOCTYPE svg PUBLIC "-//W3C//DTD SVG 20010904//EN"
              "http://www.w3.org/TR/2001/REC-SVG-20010904/DTD/svg10.dtd">

<svg xmlns="http://www.w3.org/2000/svg"
     width="176.367mm" height="209.524mm"
     viewBox="0 0 500 594">
  <path id="Selection #2"
        fill="none" stroke="black" stroke-width="1"
        d="M 0.00,0.00
           C 0.00,0.00 0.00,594.00 0.00,594.00
             0.00,594.00 500.00,594.00 500.00,594.00
             500.00,594.00 500.00,0.00 500.00,0.00
             500.00,0.00 0.00,0.00 0.00,0.00 Z
           M 379.00,148.00
           C 379.00,148.00 397.59,195.28 397.59,195.28
             400.24,201.60 406.10,212.52 406.00,219.00
             409.32,221.54 410.25,226.24 411.85,230.00
             414.60,236.48 423.08,255.07 423.00,261.00
             426.41,263.61 428.60,270.90 430.19,275.00
             430.19,275.00 442.32,305.00 442.32,305.00
             442.32,305.00 452.55,330.00 452.55,330.00
             452.55,330.00 471.86,378.00 471.86,378.00
             471.86,378.00 487.00,417.00 487.00,417.00
             487.00,417.00 450.00,406.29 450.00,406.29
             450.00,406.29 397.00,391.00 397.00,391.00
             397.00,391.00 374.00,384.37 374.00,384.37
             371.44,383.70 366.59,382.73 364.80,380.49
             363.22,377.93 364.18,371.04 364.80,368.00
             364.80,368.00 366.00,346.00 366.00,346.00
             366.00,346.00 368.00,308.00 368.00,308.00
             368.00,308.00 369.77,295.00 369.77,295.00
             369.77,295.00 369.77,277.00 369.77,277.00
             369.77,277.00 372.00,246.00 372.00,246.00
             372.00,246.00 373.93,220.96 373.93,220.96
             373.93,220.96 373.93,209.00 373.93,209.00
             373.93,209.00 374.91,199.00 374.91,199.00
             374.91,199.00 376.86,168.96 376.86,168.96
             377.27,163.74 377.18,152.59 379.00,148.00 Z" />
</svg>
