<?xml version="1.0" encoding="UTF-8" standalone="no"?>
<!DOCTYPE svg PUBLIC "-//W3C//DTD SVG 20010904//EN"
              "http://www.w3.org/TR/2001/REC-SVG-20010904/DTD/svg10.dtd">

<svg xmlns="http://www.w3.org/2000/svg"
     width="7.30556in" height="8.04167in"
     viewBox="0 0 526 579">
  <path id="main-tack"
        fill="none" stroke="black" stroke-width="1"
        d="M 0.00,0.00
           C 0.00,0.00 0.00,579.00 0.00,579.00
             0.00,579.00 526.00,579.00 526.00,579.00
             526.00,579.00 526.00,0.00 526.00,0.00
             526.00,0.00 0.00,0.00 0.00,0.00 Z
           M 305.00,392.00
           C 305.00,392.00 304.00,409.00 304.00,409.00
             303.97,411.96 304.20,415.29 301.69,417.40
             299.60,419.16 296.56,418.98 294.00,419.00
             294.00,419.00 276.00,419.00 276.00,419.00
             276.00,419.00 277.93,413.00 277.93,413.00
             277.93,413.00 299.00,391.00 299.00,391.00
             299.00,391.00 305.00,392.00 305.00,392.00 Z
           M 300.00,397.00
           C 300.00,397.00 280.00,415.00 280.00,415.00
             283.57,416.42 295.71,416.91 298.69,414.40
             302.03,411.59 301.50,400.78 300.00,397.00 Z
           M 299.00,413.00
           C 296.77,410.33 296.59,409.40 293.00,409.00
             293.00,409.00 296.00,415.00 296.00,415.00
             286.12,409.90 297.20,402.26 299.00,413.00 Z" />
</svg>
