<?xml version="1.0" encoding="UTF-8" standalone="no"?>
<!DOCTYPE svg PUBLIC "-//W3C//DTD SVG 20010904//EN"
              "http://www.w3.org/TR/2001/REC-SVG-20010904/DTD/svg10.dtd">

<svg xmlns="http://www.w3.org/2000/svg"
     width="176.367mm" height="209.524mm"
     viewBox="0 0 500 594">
  <path id="Selection #3"
        fill="none" stroke="black" stroke-width="1"
        d="M 0.00,0.00
           C 0.00,0.00 0.00,594.00 0.00,594.00
             0.00,594.00 500.00,594.00 500.00,594.00
             500.00,594.00 500.00,0.00 500.00,0.00
             500.00,0.00 0.00,0.00 0.00,0.00 Z
           M 28.00,439.00
           C 28.00,439.00 48.46,472.00 48.46,472.00
             48.46,472.00 62.81,495.00 62.81,495.00
             66.63,501.15 74.40,511.45 76.00,518.00
             66.88,522.39 53.63,532.84 44.00,533.00
             36.18,533.12 25.33,531.68 18.00,529.00
             26.60,522.17 49.23,519.59 47.82,504.00
             47.19,496.97 42.61,490.02 39.15,484.00
             39.15,484.00 13.00,444.00 13.00,444.00
             13.00,444.00 28.00,439.00 28.00,439.00 Z" />
</svg>
