<?xml version="1.0" encoding="UTF-8" standalone="no"?>
<!DOCTYPE svg PUBLIC "-//W3C//DTD SVG 20010904//EN"
              "http://www.w3.org/TR/2001/REC-SVG-20010904/DTD/svg10.dtd">

<svg xmlns="http://www.w3.org/2000/svg"
     width="7.30556in" height="8.04167in"
     viewBox="0 0 526 579">
  <path id="main-battens"
        fill="none" stroke="black" stroke-width="1"
        d="M 0.00,0.00
           C 0.00,0.00 0.00,579.00 0.00,579.00
             0.00,579.00 526.00,579.00 526.00,579.00
             526.00,579.00 526.00,0.00 526.00,0.00
             526.00,0.00 0.00,0.00 0.00,0.00 Z
           M 155.00,206.00
           C 155.00,206.00 160.00,200.00 160.00,200.00
             160.00,200.00 188.00,209.78 188.00,209.78
             188.00,209.78 212.00,217.69 212.00,217.69
             215.62,218.96 226.81,221.56 226.64,226.11
             226.58,227.74 225.70,229.53 224.57,230.69
             219.61,235.80 213.87,230.01 208.00,228.44
             208.00,228.44 177.00,218.05 177.00,218.05
             167.22,214.51 162.24,214.48 155.00,206.00 Z
           M 159.00,208.00
           C 159.00,208.00 207.00,224.71 207.00,224.71
             207.00,224.71 213.00,226.32 213.00,226.32
             217.68,227.99 220.59,230.97 223.00,225.00
             223.00,225.00 197.00,216.09 197.00,216.09
             197.00,216.09 187.00,213.25 187.00,213.25
             187.00,213.25 177.00,209.52 177.00,209.52
             171.00,207.49 164.09,203.04 159.00,208.00 Z
           M 108.00,282.00
           C 108.00,282.00 112.00,274.00 112.00,274.00
             124.70,275.68 139.11,281.61 151.00,286.45
             151.00,286.45 164.00,291.79 164.00,291.79
             169.36,293.38 184.01,293.57 178.55,302.86
             175.08,308.75 164.78,304.39 160.00,302.35
             160.00,302.35 116.09,286.63 116.09,286.63
             116.09,286.63 108.00,282.00 108.00,282.00 Z
           M 113.00,282.00
           C 113.00,282.00 138.00,290.92 138.00,290.92
             138.00,290.92 153.00,295.34 153.00,295.34
             153.00,295.34 174.00,303.00 174.00,303.00
             174.00,303.00 176.00,299.00 176.00,299.00
             166.90,294.80 167.55,297.02 160.00,294.19
             160.00,294.19 129.00,282.02 129.00,282.02
             125.97,281.08 117.09,277.35 114.59,279.06
             113.40,279.88 113.40,280.85 113.00,282.00 Z" />
</svg>
