<?xml version="1.0" encoding="UTF-8" standalone="no"?>
<!DOCTYPE svg PUBLIC "-//W3C//DTD SVG 20010904//EN"
              "http://www.w3.org/TR/2001/REC-SVG-20010904/DTD/svg10.dtd">

<svg xmlns="http://www.w3.org/2000/svg"
     width="176.367mm" height="209.524mm"
     viewBox="0 0 500 594">
  <path id="Selection #4"
        fill="none" stroke="black" stroke-width="1"
        d="M 0.00,0.00
           C 0.00,0.00 0.00,594.00 0.00,594.00
             0.00,594.00 500.00,594.00 500.00,594.00
             500.00,594.00 500.00,0.00 500.00,0.00
             500.00,0.00 0.00,0.00 0.00,0.00 Z
           M 493.00,437.00
           C 484.06,452.56 466.61,476.12 452.00,486.23
             441.11,493.76 420.99,499.65 408.00,503.15
             396.61,506.22 367.47,513.98 357.00,514.00
             357.00,514.00 295.00,514.00 295.00,514.00
             295.00,514.00 87.00,514.00 87.00,514.00
             85.07,514.00 81.92,514.12 80.17,513.40
             76.51,511.89 69.66,499.87 67.23,496.00
             67.23,496.00 31.00,438.00 31.00,438.00
             31.00,438.00 423.00,438.00 423.00,438.00
             423.00,438.00 440.00,437.00 440.00,437.00
             440.00,437.00 493.00,437.00 493.00,437.00 Z" />
</svg>
