<?xml version="1.0" encoding="UTF-8" standalone="no"?>
<!DOCTYPE svg PUBLIC "-//W3C//DTD SVG 20010904//EN"
              "http://www.w3.org/TR/2001/REC-SVG-20010904/DTD/svg10.dtd">

<svg xmlns="http://www.w3.org/2000/svg"
     width="7.30556in" height="8.04167in"
     viewBox="0 0 526 579">
  <path id="jib - clew"
        fill="none" stroke="black" stroke-width="1"
        d="M 0.00,0.00
           C 0.00,0.00 0.00,579.00 0.00,579.00
             0.00,579.00 526.00,579.00 526.00,579.00
             526.00,579.00 526.00,0.00 526.00,0.00
             526.00,0.00 0.00,0.00 0.00,0.00 Z
           M 334.00,412.00
           C 334.00,412.00 329.00,406.00 329.00,406.00
             325.69,417.66 329.32,420.81 340.00,424.00
             340.00,424.00 334.00,412.00 334.00,412.00
             338.45,416.13 342.08,420.72 341.00,427.00
             337.60,425.82 329.71,423.40 327.60,420.73
             325.20,417.69 326.00,408.06 326.00,404.00
             330.87,405.50 332.04,407.43 334.00,412.00 Z
           M 334.00,415.00
           C 334.00,415.00 335.00,419.00 335.00,419.00
             335.00,419.00 331.00,420.00 331.00,420.00
             331.00,420.00 330.00,415.00 330.00,415.00
             330.00,415.00 334.00,415.00 334.00,415.00 Z" />
</svg>
