<?xml version="1.0" encoding="UTF-8" standalone="no"?>
<!DOCTYPE svg PUBLIC "-//W3C//DTD SVG 20010904//EN"
              "http://www.w3.org/TR/2001/REC-SVG-20010904/DTD/svg10.dtd">

<svg xmlns="http://www.w3.org/2000/svg"
     width="7.30556in" height="8.04167in"
     viewBox="0 0 526 579">
  <path id="jib - tack"
        fill="none" stroke="black" stroke-width="1"
        d="M 0.00,0.00
           C 0.00,0.00 0.00,579.00 0.00,579.00
             0.00,579.00 526.00,579.00 526.00,579.00
             526.00,579.00 526.00,0.00 526.00,0.00
             526.00,0.00 0.00,0.00 0.00,0.00 Z
           M 444.00,431.00
           C 446.46,437.16 448.60,440.21 448.00,447.00
             448.00,447.00 430.00,446.00 430.00,446.00
             432.13,439.31 437.04,432.85 444.00,431.00 Z
           M 433.00,444.00
           C 433.00,444.00 446.00,445.00 446.00,445.00
             446.00,445.00 443.00,434.00 443.00,434.00
             437.84,436.12 435.34,438.98 433.00,444.00 Z
           M 441.00,438.00
           C 441.00,438.00 441.00,439.00 441.00,439.00
             441.00,439.00 439.00,441.00 439.00,441.00
             439.00,441.00 442.00,442.00 442.00,442.00
             438.45,442.69 438.60,440.92 439.00,438.00
             439.00,438.00 441.00,438.00 441.00,438.00 Z" />
</svg>
