<?xml version="1.0" encoding="UTF-8" standalone="no"?>
<!DOCTYPE svg PUBLIC "-//W3C//DTD SVG 20010904//EN"
              "http://www.w3.org/TR/2001/REC-SVG-20010904/DTD/svg10.dtd">

<svg xmlns="http://www.w3.org/2000/svg"
     width="7.30556in" height="8.04167in"
     viewBox="0 0 526 579">
  <path id="mainsail"
        fill="none" stroke="black" stroke-width="1"
        d="M 0.00,0.00
           C 0.00,0.00 0.00,579.00 0.00,579.00
             0.00,579.00 526.00,579.00 526.00,579.00
             526.00,579.00 526.00,0.00 526.00,0.00
             526.00,0.00 0.00,0.00 0.00,0.00 Z
           M 299.00,41.00
           C 300.58,42.91 302.48,44.72 303.44,47.04
             305.71,52.48 305.00,70.25 305.00,77.00
             305.00,77.00 305.00,140.00 305.00,140.00
             305.00,140.00 305.68,164.00 305.68,164.00
             305.68,164.00 305.00,199.00 305.00,199.00
             305.00,199.00 305.00,245.00 305.00,245.00
             305.00,245.00 305.00,392.00 305.00,392.00
             305.00,392.00 304.00,409.00 304.00,409.00
             303.97,411.96 304.20,415.29 301.69,417.40
             299.44,419.29 295.77,418.99 293.00,419.00
             293.00,419.00 76.00,419.00 76.00,419.00
             76.00,419.00 61.00,420.00 61.00,420.00
             56.93,420.04 45.52,420.82 43.02,417.44
             40.30,413.77 42.89,404.81 44.40,401.00
             44.40,401.00 63.45,357.00 63.45,357.00
             63.45,357.00 71.10,345.00 71.10,345.00
             71.10,345.00 82.76,323.00 82.76,323.00
             82.76,323.00 101.12,294.00 101.12,294.00
             101.12,294.00 107.16,282.00 107.16,282.00
             107.16,282.00 117.55,266.00 117.55,266.00
             117.55,266.00 122.54,257.00 122.54,257.00
             122.54,257.00 129.14,247.00 129.14,247.00
             129.14,247.00 135.95,235.00 135.95,235.00
             135.95,235.00 167.74,189.00 167.74,189.00
             167.74,189.00 177.62,176.00 177.62,176.00
             177.62,176.00 191.08,159.00 191.08,159.00
             191.08,159.00 208.67,135.00 208.67,135.00
             208.67,135.00 215.63,127.00 215.63,127.00
             215.63,127.00 221.47,119.01 221.47,119.01
             221.47,119.01 228.32,111.83 228.32,111.83
             228.32,111.83 234.17,104.00 234.17,104.00
             234.17,104.00 256.25,79.58 256.25,79.58
             256.25,79.58 288.00,46.68 288.00,46.68
             292.40,43.32 294.63,43.49 299.00,41.00 Z
           M 296.00,46.00
           C 285.40,52.03 277.90,62.08 269.83,71.00
             269.83,71.00 252.39,88.58 252.39,88.58
             252.39,88.58 247.62,94.84 247.62,94.84
             247.62,94.84 237.24,106.00 237.24,106.00
             237.24,106.00 230.71,114.96 230.71,114.96
             230.71,114.96 208.80,141.00 208.80,141.00
             208.80,141.00 193.99,161.58 193.99,161.58
             193.99,161.58 183.95,173.17 183.95,173.17
             183.95,173.17 178.84,181.00 178.84,181.00
             178.84,181.00 161.19,204.96 161.19,204.96
             161.19,204.96 158.29,210.00 158.29,210.00
             158.29,210.00 152.08,218.00 152.08,218.00
             152.08,218.00 138.70,238.00 138.70,238.00
             138.70,238.00 120.34,269.00 120.34,269.00
             120.34,269.00 108.35,288.09 108.35,288.09
             108.35,288.09 104.88,295.00 104.88,295.00
             104.88,295.00 96.47,309.00 96.47,309.00
             96.47,309.00 85.44,326.00 85.44,326.00
             85.44,326.00 81.49,334.00 81.49,334.00
             81.49,334.00 77.23,341.00 77.23,341.00
             77.23,341.00 73.90,348.00 73.90,348.00
             73.90,348.00 65.90,360.00 65.90,360.00
             65.90,360.00 60.51,373.00 60.51,373.00
             54.86,384.00 45.11,403.86 45.00,416.00
             61.20,418.14 63.97,416.02 78.00,416.00
             78.00,416.00 126.00,416.00 126.00,416.00
             126.00,416.00 290.00,416.00 290.00,416.00
             301.56,415.98 300.88,413.23 301.00,403.00
             301.00,403.00 302.00,383.00 302.00,383.00
             302.00,383.00 302.00,331.00 302.00,331.00
             302.00,331.00 302.00,139.00 302.00,139.00
             302.00,139.00 302.00,81.00 302.00,81.00
             302.00,70.63 302.84,56.71 300.00,47.00
             300.00,47.00 296.00,49.00 296.00,49.00
             296.00,49.00 296.00,46.00 296.00,46.00 Z" />
</svg>
