<?xml version="1.0" encoding="UTF-8" standalone="no"?>
<!DOCTYPE svg PUBLIC "-//W3C//DTD SVG 20010904//EN"
              "http://www.w3.org/TR/2001/REC-SVG-20010904/DTD/svg10.dtd">

<svg xmlns="http://www.w3.org/2000/svg"
     width="7.30556in" height="8.04167in"
     viewBox="0 0 526 579">
  <path id="jibsail"
        fill="none" stroke="black" stroke-width="1"
        d="M 0.00,0.00
           C 0.00,0.00 0.00,579.00 0.00,579.00
             0.00,579.00 526.00,579.00 526.00,579.00
             526.00,579.00 526.00,0.00 526.00,0.00
             526.00,0.00 0.00,0.00 0.00,0.00 Z
           M 354.00,204.00
           C 361.48,215.49 360.49,218.23 364.70,230.00
             364.70,230.00 368.94,240.00 368.94,240.00
             368.94,240.00 376.45,260.00 376.45,260.00
             376.45,260.00 385.20,282.00 385.20,282.00
             385.20,282.00 389.19,291.00 389.19,291.00
             389.19,291.00 393.45,304.00 393.45,304.00
             393.45,304.00 403.55,328.00 403.55,328.00
             403.55,328.00 409.81,345.00 409.81,345.00
             409.81,345.00 414.37,355.00 414.37,355.00
             414.37,355.00 417.23,364.00 417.23,364.00
             417.23,364.00 426.58,388.00 426.58,388.00
             426.58,388.00 436.73,415.00 436.73,415.00
             436.73,415.00 443.85,431.00 443.85,431.00
             445.28,434.34 450.32,443.19 446.53,445.98
             444.57,447.42 439.37,447.00 437.00,446.72
             437.00,446.72 414.00,443.92 414.00,443.92
             396.85,441.09 379.71,438.46 363.00,433.58
             363.00,433.58 341.00,426.92 341.00,426.92
             341.00,426.92 324.00,421.00 324.00,421.00
             327.84,414.11 325.60,402.68 325.21,395.00
             325.21,395.00 326.00,382.00 326.00,382.00
             326.00,382.00 326.00,361.00 326.00,361.00
             326.00,361.00 328.16,333.00 328.16,333.00
             328.16,333.00 328.16,318.96 328.16,318.96
             328.16,318.96 330.83,304.00 330.83,304.00
             330.83,304.00 335.46,267.00 335.46,267.00
             335.46,267.00 344.35,227.00 344.35,227.00
             344.35,227.00 348.00,209.00 348.00,209.00
             349.61,213.85 347.03,222.95 345.89,228.00
             345.89,228.00 337.42,268.00 337.42,268.00
             332.63,294.37 328.31,341.96 327.74,368.96
             327.74,368.96 327.74,379.00 327.74,379.00
             327.74,379.00 327.00,390.00 327.00,390.00
             326.93,396.35 326.21,414.32 329.58,418.89
             332.84,423.31 349.08,426.35 355.00,428.44
             372.96,434.78 380.64,435.86 399.00,439.08
             399.00,439.08 412.00,441.72 412.00,441.72
             412.00,441.72 428.00,443.28 428.00,443.28
             428.00,443.28 439.00,445.38 439.00,445.38
             449.52,446.29 444.10,437.25 441.85,432.00
             441.85,432.00 434.75,416.00 434.75,416.00
             434.75,416.00 424.40,388.00 424.40,388.00
             424.40,388.00 417.53,371.00 417.53,371.00
             417.53,371.00 412.75,357.04 412.75,357.04
             412.75,357.04 409.36,349.91 409.36,349.91
             409.36,349.91 401.65,329.00 401.65,329.00
             401.65,329.00 391.46,305.00 391.46,305.00
             391.46,305.00 387.53,292.00 387.53,292.00
             387.53,292.00 382.55,282.00 382.55,282.00
             382.55,282.00 379.58,273.00 379.58,273.00
             379.58,273.00 362.20,229.00 362.20,229.00
             358.03,218.37 359.29,216.33 353.00,206.00
             353.00,206.00 349.00,209.00 349.00,209.00
             349.00,209.00 354.00,204.00 354.00,204.00 Z" />
</svg>
